SizeA= 500
14.79
11.13
-7.13
-2.23
2.78
18.54
0.44
-13.75
15.73
12.10
1.86
11.78
19.02
4.06
7.10
-2.61
19.85
18.82
2.98
-3.92
4.15
10.70
3.64
-17.04
-0.01
-4.03
-18.19
-12.88
17.88
-11.37
-10.58
6.13
7.80
-15.16
-0.48
-13.99
0.56
3.76
14.03
-4.12
8.29
-0.82
18.47
15.88
-0.57
10.57
15.21
10.91
-14.10
-11.55
5.98
-16.99
-10.15
-1.76
15.13
-5.03
-17.11
-8.06
7.82
-14.26
-12.20
-1.21
17.03
7.65
5.42
-0.21
-6.97
-15.54
18.25
11.73
-3.08
-3.98
7.83
17.08
-5.06
8.15
-2.31
11.39
8.83
-3.83
-18.35
15.20
-5.29
6.46
-12.42
-3.42
14.40
-0.38
17.18
1.87
1.37
11.75
5.58
9.09
5.43
-3.77
-10.02
9.21
-2.11
13.93
14.11
-16.03
17.96
18.94
18.28
15.31
-1.77
-10.30
-2.33
-15.49
7.04
-15.71
7.65
-6.07
-14.37
-6.21
-10.33
16.23
-13.62
-18.10
-5.98
-17.97
-17.01
-3.85
-8.37
-10.90
-1.78
-12.06
13.31
-1.80
0.33
-5.87
2.92
4.74
15.15
6.52
10.22
12.10
6.75
6.15
-2.46
7.03
-2.52
-6.40
16.08
7.73
-7.65
-11.16
12.00
-8.17
-9.51
-11.24
11.62
3.49
4.32
-0.24
12.02
9.80
-14.06
-13.06
15.23
15.16
13.06
1.81
-14.20
-10.33
5.60
12.91
2.29
16.89
16.46
19.26
-1.33
-3.45
-9.90
-7.04
-5.05
18.32
5.37
6.15
-16.67
-17.86
12.30
-15.53
0.08
-3.17
-18.23
18.85
-0.31
12.33
8.69
9.55
-14.50
-7.36
15.60
15.53
-3.03
-10.79
-5.16
1.89
-7.32
-10.55
-13.84
-11.38
-0.10
-18.51
18.18
19.09
16.58
-13.64
2.91
-7.73
13.99
19.79
-14.48
12.20
-11.42
9.03
-4.85
6.81
-8.42
-14.46
-10.04
-11.51
10.65
-1.99
-15.27
10.68
7.28
3.98
8.35
-19.06
-9.55
-5.92
-16.45
4.93
8.01
-17.33
-3.52
4.84
-7.20
-5.37
9.33
16.37
-8.96
-18.65
-18.60
1.98
6.33
-12.75
7.40
0.76
-10.18
-8.45
5.55
7.36
17.57
-17.05
-10.80
-4.02
16.23
3.04
-3.32
-0.50
-19.31
-4.15
-5.39
1.27
5.39
-2.41
17.31
-9.03
-11.13
17.54
17.61
-2.40
12.81
0.20
-15.93
12.27
17.98
-10.84
7.67
-5.11
-2.31
-16.19
-7.37
-6.81
-3.31
-1.67
-11.70
-10.47
10.92
19.78
14.15
11.33
-10.07
-8.70
12.55
18.92
-9.59
-17.96
10.93
2.39
17.96
2.46
-11.03
-15.03
1.02
16.81
6.36
6.93
-7.66
11.44
-18.90
9.88
-19.57
-7.01
4.04
-17.58
6.05
-3.26
13.70
-0.13
-6.97
5.51
16.22
15.17
-0.65
14.48
15.19
-10.02
7.06
3.21
-8.51
-10.02
-12.86
15.34
8.97
0.49
5.74
12.82
7.05
11.49
4.59
18.49
4.82
18.06
-9.46
15.01
-10.68
3.33
15.95
4.13
-18.00
-16.11
-7.67
-7.12
-2.67
17.12
13.16
16.64
-1.12
4.47
5.10
-17.10
-11.79
-19.36
-16.13
6.11
-8.36
17.23
-0.27
-17.96
-4.29
-12.49
-18.99
5.68
12.32
-15.45
-1.03
11.47
7.32
11.78
-1.89
-11.25
5.22
-4.67
-10.89
19.31
-15.50
-9.10
-16.00
-13.95
12.06
5.30
19.24
-8.80
-16.69
4.07
-10.91
1.75
10.21
-6.31
3.33
19.16
15.76
19.20
-17.58
19.55
13.83
18.00
-19.79
8.74
12.83
-10.23
-8.77
-1.43
14.71
-6.86
2.25
-6.17
8.95
0.59
11.34
9.09
15.72
-9.14
7.79
9.72
-18.02
-1.69
16.58
14.47
3.09
7.84
-13.83
2.15
7.84
4.43
15.03
-16.42
-5.47
-12.88
-5.31
-19.36
5.51
12.58
11.90
6.32
-3.15
-16.77
-17.34
0.22
-3.85
-12.14
15.96
-12.10
-5.02
12.39
10.53
-3.87
-2.61
-6.42
2.01
4.72
-18.02
-16.47
18.16
14.55
9.76
11.91
11.08
-11.27
-16.78
-16.97
-19.83
16.16
12.48
1.00
1.11
9.10
15.49
16.66
5.56
19.75
-8.81
-13.32
-14.60
-14.40
11.52
6.11
-12.82
9.03
-7.69
-6.89
13.97
1.26
-4.76
19.56

SizeB = 500
4.75
-5.37
-11.55
-1.07
-19.84
-2.64
17.31
-12.22
4.41
-7.39
-6.29
-1.88
-0.72
-8.65
-14.65
3.63
-8.54
-10.37
2.24
-16.61
-7.18
-14.81
15.44
10.88
-10.28
-9.56
18.19
-7.09
17.59
-12.13
9.78
-8.92
-11.50
-7.63
16.90
-13.55
3.18
-5.98
-16.34
-0.03
-18.24
6.05
-11.38
19.32
11.09
-17.68
-2.58
17.46
17.26
-16.75
-10.41
13.50
14.33
19.79
9.54
14.46
-3.35
16.09
14.53
-3.27
6.56
-12.02
-19.73
4.99
-3.51
1.15
-10.70
-10.12
0.47
0.63
16.09
13.75
14.32
-10.13
17.36
9.71
-17.30
5.00
-19.16
7.34
-19.11
-17.08
-15.96
5.97
7.53
-13.56
-9.69
-16.67
-5.10
-7.77
5.39
-12.70
-4.70
13.56
5.07
-10.62
-17.23
-0.44
-16.97
-6.56
6.13
18.00
-4.72
-5.50
19.20
-7.62
-11.96
15.09
-2.38
-16.91
9.18
-1.10
15.61
12.23
-10.59
-18.11
-6.65
15.29
4.41
14.76
-9.47
-0.62
-16.94
-2.43
2.96
-2.97
12.63
-13.16
-8.04
-4.11
-8.09
-1.32
-1.84
-9.60
5.75
13.80
12.00
8.93
5.39
-14.54
17.68
-13.94
16.91
-6.99
-2.06
-18.40
14.64
11.67
-18.34
-1.02
10.71
-13.96
-3.42
1.01
4.84
-17.45
16.19
7.61
2.30
17.01
-17.35
-2.09
-2.60
6.16
13.20
-16.20
5.54
4.09
4.64
5.30
-17.31
10.36
-3.78
5.71
9.64
2.66
2.09
7.14
-16.97
17.13
1.11
2.12
-17.57
-2.82
9.48
6.72
0.20
-4.20
-15.43
-3.56
6.20
-13.53
9.09
-4.74
-14.78
-9.30
8.08
13.07
-18.35
-10.12
-18.56
-9.62
4.52
-6.91
0.14
-5.74
7.19
-19.55
-7.03
5.71
-5.09
-6.13
-0.69
16.97
-7.68
-15.32
-17.85
-12.14
14.02
3.39
-7.09
17.98
-0.30
14.29
-12.32
-14.30
-11.09
-3.70
0.29
-17.98
7.31
17.16
19.93
-17.27
-3.94
1.51
-4.50
15.13
-17.19
0.49
-6.20
-13.59
17.74
-2.46
8.74
-0.32
-18.74
-9.88
-13.21
-11.05
-7.22
10.20
0.03
-17.29
9.29
-10.83
4.10
8.33
-12.23
4.88
-3.74
-19.65
11.57
-14.26
10.79
0.50
10.00
-9.63
3.18
6.16
9.45
-7.15
-11.89
7.32
8.91
-0.79
2.60
-9.78
17.86
12.28
17.42
11.90
11.23
-4.09
-8.06
0.45
18.37
-2.35
9.89
-12.21
-4.18
11.23
17.62
-10.33
-2.17
-8.75
-0.43
-10.27
18.04
-9.77
-11.93
-6.77
9.07
-11.44
-16.82
-0.00
-18.98
15.32
3.25
12.13
2.46
9.24
17.37
-4.02
6.63
-3.41
18.68
3.26
15.62
-9.23
-18.35
-1.50
-15.33
-18.14
5.60
-7.16
-0.75
4.70
-14.87
9.65
-9.45
-18.55
-12.10
19.30
10.62
-6.30
14.49
5.45
-14.57
-15.20
14.04
12.79
-17.51
14.52
13.51
-14.20
13.69
-12.47
5.44
14.17
15.07
4.50
2.71
19.22
6.27
17.80
18.30
-7.46
18.76
-13.13
-7.18
9.28
12.97
16.77
-3.75
-10.29
7.22
-7.52
4.91
3.31
-16.57
2.05
-10.76
1.64
-1.66
6.97
16.02
-13.35
-18.33
18.37
7.20
-18.32
-16.99
-2.65
1.23
-18.36
6.63
9.82
-17.85
15.58
12.21
3.95
-14.43
18.34
10.45
0.40
9.82
-5.50
9.39
-16.00
-0.94
-15.70
-8.56
10.65
-1.55
2.71
-1.19
4.20
5.84
-7.95
10.18
11.59
-7.44
-10.52
-13.95
-8.88
-5.51
16.91
11.06
-19.28
2.20
-6.86
-18.48
-8.43
-7.14
8.74
14.67
-14.27
-5.51
15.61
-4.78
-5.91
-4.86
-6.08
-8.88
-12.86
-10.87
8.21
-3.87
-4.96
3.41
11.84
6.03
-19.41
7.96
-0.45
10.16
-9.08
-11.35
-3.33
-8.93
-13.28
0.06
14.30
-13.54
0.82
-7.23
-18.04
13.24
-17.50
5.03
3.49
13.55
-13.86
-5.93
3.01
-11.88
6.17
-6.35
-5.23
1.00
-3.65
-17.91
-4.16
-5.70
-4.14
12.31
-9.45
19.28
13.57
-5.14
9.71
-19.91
1.19
-16.56
12.99
14.68
7.03
-13.12
-2.64
6.92
-0.91
-11.06
-15.29
9.26
-13.25
7.87
5.56
14.21
-12.09

