SizeA= 100
-2.87
1.49
-16.37
-6.37
8.63
2.63
16.69
11.53
-18.42
-12.06
-2.43
18.45
-0.69
-13.55
3.60
-7.42
1.28
18.25
-11.11
-4.94
19.98
-15.22
10.45
-12.78
4.87
-7.53
17.44
11.15
19.13
0.02
-0.04
-2.58
-14.40
-11.71
-7.85
-13.69
3.38
-13.24
13.58
-12.00
10.23
8.83
1.18
7.17
-17.32
-2.18
-15.40
-10.56
3.38
1.24
-5.80
16.53
19.36
-13.16
-4.30
14.73
-9.08
-18.70
-6.72
-3.64
-4.26
-4.36
16.89
17.90
-1.73
-14.88
-4.04
7.94
-18.11
-0.72
13.65
-19.02
12.06
5.23
1.23
-4.50
2.40
-9.82
-17.22
-11.43
-0.98
19.41
-8.12
1.10
15.84
3.77
-6.28
16.95
-8.85
-12.73
3.32
-2.87
1.77
-12.29
13.89
1.77
19.86
-5.39
9.05
19.43

SizeB= 100
5.22
-13.54
-15.90
1.60
-2.90
-8.36
-19.29
1.00
7.40
1.44
11.62
12.53
-7.53
1.16
19.19
5.19
-7.73
14.51
15.12
18.18
14.91
9.06
-8.85
-2.46
-16.68
16.24
-19.22
7.59
9.94
-2.48
17.34
-16.55
-13.61
-11.36
19.02
0.75
-13.70
-10.73
3.85
-13.72
-16.04
-13.41
-9.72
-6.24
18.96
8.91
-6.72
0.86
-5.19
-5.05
11.33
-11.29
10.31
9.72
4.46
1.54
-9.75
-18.07
-2.38
11.73
13.05
-7.69
-17.28
-11.57
-10.61
-4.67
19.55
-6.65
14.43
-12.90
-19.32
13.21
14.82
0.71
19.56
-5.21
-10.36
-19.51
-16.33
-9.41
-7.49
12.01
12.88
-6.18
18.03
-18.35
3.00
-13.60
1.46
-16.92
-10.02
-13.08
9.25
-4.75
-10.20
-0.76
-15.76
8.55
-12.90
3.40

